-9.9999 -9.9999 -9.9999 -9.9999 -9.9999 -9.9999 -9.9999 -9.9999 -9.9999 -9.9999 -9.9999 -9.9999 -9.9999 -9.9999 -9.9999 -9.9999 -9.9999 -9.9999 -9.9999 -9.9999 -9.9999 -9.9999 -9.9999 -9.9999 -9.9999 -9.9999 -9.9999 -9.9999 -10.0000 -10.0000 -10.0000 -10.0000 -10.0000 -10.0000 -10.0000 -10.0000 -10.0000 -10.0000 -10.0000 -10.0000 -10.0000 -10.0000 -10.0000 -10.0000 -10.0000 -10.0000 -10.0000 -10.0000 -10.0000 -10.0000
-9.6916 -9.6916 -9.6917 -9.6917 -9.6918 -9.6918 -9.6919 -9.6919 -9.6920 -9.6920 -9.6921 -9.6921 -9.6921 -9.6922 -9.6922 -9.6923 -9.6923 -9.6924 -9.6924 -9.6925 -9.6925 -9.6926 -9.6926 -9.6927 -9.6927 -9.6928 -9.6928 -9.6928 -9.6929 -9.6929 -9.6930 -9.6930 -9.6931 -9.6931 -9.6932 -9.6932 -9.6933 -9.6933 -9.6934 -9.6934 -9.6935 -9.6935 -9.6935 -9.6936 -9.6936 -9.6937 -9.6937 -9.6938 -9.6938 -9.6939
-9.3833 -9.3834 -9.3835 -9.3836 -9.3836 -9.3837 -9.3838 -9.3839 -9.3840 -9.3841 -9.3842 -9.3843 -9.3844 -9.3845 -9.3846 -9.3846 -9.3847 -9.3848 -9.3849 -9.3850 -9.3851 -9.3852 -9.3853 -9.3854 -9.3855 -9.3856 -9.3857 -9.3857 -9.3858 -9.3859 -9.3860 -9.3861 -9.3862 -9.3863 -9.3864 -9.3865 -9.3866 -9.3867 -9.3868 -9.3868 -9.3869 -9.3870 -9.3871 -9.3872 -9.3873 -9.3874 -9.3875 -9.3876 -9.3877 -9.3878
-9.0750 -9.0751 -9.0752 -9.0754 -9.0755 -9.0757 -9.0758 -9.0759 -9.0761 -9.0762 -9.0763 -9.0765 -9.0766 -9.0767 -9.0769 -9.0770 -9.0771 -9.0773 -9.0774 -9.0776 -9.0777 -9.0778 -9.0780 -9.0781 -9.0782 -9.0784 -9.0785 -9.0786 -9.0788 -9.0789 -9.0791 -9.0792 -9.0793 -9.0795 -9.0796 -9.0797 -9.0799 -9.0800 -9.0801 -9.0803 -9.0804 -9.0805 -9.0807 -9.0808 -9.0810 -9.0811 -9.0812 -9.0814 -9.0815 -9.0816
-8.7667 -8.7669 -8.7670 -8.7672 -8.7674 -8.7676 -8.7678 -8.7679 -8.7681 -8.7683 -8.7685 -8.7687 -8.7688 -8.7690 -8.7692 -8.7694 -8.7696 -8.7697 -8.7699 -8.7701 -8.7703 -8.7705 -8.7706 -8.7708 -8.7710 -8.7712 -8.7714 -8.7715 -8.7717 -8.7719 -8.7721 -8.7723 -8.7724 -8.7726 -8.7728 -8.7730 -8.7732 -8.7733 -8.7735 -8.7737 -8.7739 -8.7741 -8.7742 -8.7744 -8.7746 -8.7748 -8.7750 -8.7751 -8.7753 -8.7755
-8.4584 -8.4586 -8.4588 -8.4590 -8.4593 -8.4595 -8.4597 -8.4599 -8.4602 -8.4604 -8.4606 -8.4608 -8.4611 -8.4613 -8.4615 -8.4617 -8.4620 -8.4622 -8.4624 -8.4626 -8.4629 -8.4631 -8.4633 -8.4635 -8.4638 -8.4640 -8.4642 -8.4644 -8.4647 -8.4649 -8.4651 -8.4653 -8.4656 -8.4658 -8.4660 -8.4662 -8.4665 -8.4667 -8.4669 -8.4671 -8.4674 -8.4676 -8.4678 -8.4680 -8.4683 -8.4685 -8.4687 -8.4689 -8.4692 -8.4694
-8.1501 -8.1503 -8.1506 -8.1509 -8.1511 -8.1514 -8.1517 -8.1519 -8.1522 -8.1525 -8.1528 -8.1530 -8.1533 -8.1536 -8.1538 -8.1541 -8.1544 -8.1546 -8.1549 -8.1552 -8.1555 -8.1557 -8.1560 -8.1563 -8.1565 -8.1568 -8.1571 -8.1573 -8.1576 -8.1579 -8.1581 -8.1584 -8.1587 -8.1590 -8.1592 -8.1595 -8.1598 -8.1600 -8.1603 -8.1606 -8.1608 -8.1611 -8.1614 -8.1616 -8.1619 -8.1622 -8.1625 -8.1627 -8.1630 -8.1633
-7.8418 -7.8421 -7.8424 -7.8427 -7.8430 -7.8433 -7.8436 -7.8440 -7.8443 -7.8446 -7.8449 -7.8452 -7.8455 -7.8458 -7.8462 -7.8465 -7.8468 -7.8471 -7.8474 -7.8477 -7.8480 -7.8484 -7.8487 -7.8490 -7.8493 -7.8496 -7.8499 -7.8502 -7.8505 -7.8509 -7.8512 -7.8515 -7.8518 -7.8521 -7.8524 -7.8527 -7.8531 -7.8534 -7.8537 -7.8540 -7.8543 -7.8546 -7.8549 -7.8553 -7.8556 -7.8559 -7.8562 -7.8565 -7.8568 -7.8571
-7.5335 -7.5338 -7.5342 -7.5345 -7.5349 -7.5352 -7.5356 -7.5360 -7.5363 -7.5367 -7.5370 -7.5374 -7.5378 -7.5381 -7.5385 -7.5388 -7.5392 -7.5395 -7.5399 -7.5403 -7.5406 -7.5410 -7.5413 -7.5417 -7.5421 -7.5424 -7.5428 -7.5431 -7.5435 -7.5439 -7.5442 -7.5446 -7.5449 -7.5453 -7.5456 -7.5460 -7.5464 -7.5467 -7.5471 -7.5474 -7.5478 -7.5482 -7.5485 -7.5489 -7.5492 -7.5496 -7.5499 -7.5503 -7.5507 -7.5510
-7.2252 -7.2256 -7.2260 -7.2264 -7.2268 -7.2272 -7.2276 -7.2280 -7.2284 -7.2288 -7.2292 -7.2296 -7.2300 -7.2304 -7.2308 -7.2312 -7.2316 -7.2320 -7.2324 -7.2328 -7.2332 -7.2336 -7.2340 -7.2344 -7.2348 -7.2352 -7.2356 -7.2360 -7.2364 -7.2368 -7.2372 -7.2376 -7.2380 -7.2384 -7.2389 -7.2393 -7.2397 -7.2401 -7.2405 -7.2409 -7.2413 -7.2417 -7.2421 -7.2425 -7.2429 -7.2433 -7.2437 -7.2441 -7.2445 -7.2449
-6.9178 -6.9182 -6.9186 -6.9190 -6.9195 -6.9199 -6.9203 -6.9208 -6.9212 -6.9216 -6.9221 -6.9225 -6.9229 -6.9233 -6.9238 -6.9242 -6.9246 -6.9251 -6.9255 -6.9259 -6.9263 -6.9268 -6.9272 -6.9276 -6.9281 -6.9285 -6.9289 -6.9293 -6.9298 -6.9302 -6.9306 -6.9311 -6.9315 -6.9319 -6.9323 -6.9328 -6.9332 -6.9336 -6.9341 -6.9345 -6.9349 -6.9353 -6.9358 -6.9362 -6.9366 -6.9371 -6.9375 -6.9379 -6.9383 -6.9388
-6.6131 -6.6135 -6.6139 -6.6143 -6.6147 -6.6151 -6.6155 -6.6159 -6.6163 -6.6167 -6.6171 -6.6175 -6.6179 -6.6183 -6.6187 -6.6191 -6.6195 -6.6199 -6.6203 -6.6207 -6.6211 -6.6215 -6.6219 -6.6223 -6.6227 -6.6231 -6.6235 -6.6239 -6.6243 -6.6247 -6.6251 -6.6255 -6.6259 -6.6263 -6.6267 -6.6271 -6.6275 -6.6279 -6.6283 -6.6287 -6.6291 -6.6295 -6.6299 -6.6303 -6.6307 -6.6311 -6.6315 -6.6319 -6.6323 -6.6327
-6.3147 -6.3149 -6.3151 -6.3154 -6.3156 -6.3159 -6.3161 -6.3164 -6.3166 -6.3168 -6.3171 -6.3173 -6.3176 -6.3178 -6.3181 -6.3183 -6.3185 -6.3188 -6.3190 -6.3193 -6.3195 -6.3197 -6.3200 -6.3202 -6.3205 -6.3207 -6.3210 -6.3212 -6.3214 -6.3217 -6.3219 -6.3222 -6.3224 -6.3227 -6.3229 -6.3231 -6.3234 -6.3236 -6.3239 -6.3241 -6.3244 -6.3246 -6.3248 -6.3251 -6.3253 -6.3256 -6.3258 -6.3260 -6.3263 -6.3265
-6.0192 -6.0192 -6.0192 -6.0192 -6.0193 -6.0193 -6.0193 -6.0193 -6.0194 -6.0194 -6.0194 -6.0195 -6.0195 -6.0195 -6.0195 -6.0196 -6.0196 -6.0196 -6.0196 -6.0197 -6.0197 -6.0197 -6.0197 -6.0198 -6.0198 -6.0198 -6.0198 -6.0199 -6.0199 -6.0199 -6.0199 -6.0200 -6.0200 -6.0200 -6.0200 -6.0201 -6.0201 -6.0201 -6.0201 -6.0202 -6.0202 -6.0202 -6.0202 -6.0203 -6.0203 -6.0203 -6.0203 -6.0204 -6.0204 -6.0204
-5.7106 -5.7107 -5.7108 -5.7109 -5.7109 -5.7110 -5.7111 -5.7112 -5.7112 -5.7113 -5.7114 -5.7115 -5.7115 -5.7116 -5.7117 -5.7118 -5.7118 -5.7119 -5.7120 -5.7121 -5.7121 -5.7122 -5.7123 -5.7124 -5.7124 -5.7125 -5.7126 -5.7126 -5.7127 -5.7128 -5.7129 -5.7129 -5.7130 -5.7131 -5.7132 -5.7132 -5.7133 -5.7134 -5.7135 -5.7135 -5.7136 -5.7137 -5.7138 -5.7138 -5.7139 -5.7140 -5.7141 -5.7141 -5.7142 -5.7143
-5.4323 -5.4318 -5.4313 -5.4308 -5.4303 -5.4299 -5.4294 -5.4289 -5.4284 -5.4279 -5.4274 -5.4269 -5.4264 -5.4259 -5.4254 -5.4249 -5.4244 -5.4239 -5.4234 -5.4230 -5.4225 -5.4220 -5.4215 -5.4210 -5.4205 -5.4200 -5.4195 -5.4190 -5.4185 -5.4180 -5.4175 -5.4170 -5.4165 -5.4161 -5.4156 -5.4151 -5.4146 -5.4141 -5.4136 -5.4131 -5.4126 -5.4121 -5.4116 -5.4111 -5.4106 -5.4101 -5.4096 -5.4091 -5.4087 -5.4082
-5.1272 -5.1267 -5.1262 -5.1257 -5.1252 -5.1247 -5.1241 -5.1236 -5.1231 -5.1226 -5.1221 -5.1216 -5.1211 -5.1205 -5.1200 -5.1195 -5.1190 -5.1185 -5.1180 -5.1175 -5.1169 -5.1164 -5.1159 -5.1154 -5.1149 -5.1144 -5.1139 -5.1133 -5.1128 -5.1123 -5.1118 -5.1113 -5.1108 -5.1103 -5.1097 -5.1092 -5.1087 -5.1082 -5.1077 -5.1072 -5.1067 -5.1062 -5.1056 -5.1051 -5.1046 -5.1041 -5.1036 -5.1031 -5.1026 -5.1020
-4.8191 -4.8187 -4.8182 -4.8177 -4.8172 -4.8168 -4.8163 -4.8158 -4.8154 -4.8149 -4.8144 -4.8139 -4.8135 -4.8130 -4.8125 -4.8120 -4.8116 -4.8111 -4.8106 -4.8101 -4.8097 -4.8092 -4.8087 -4.8082 -4.8078 -4.8073 -4.8068 -4.8063 -4.8059 -4.8054 -4.8049 -4.8045 -4.8040 -4.8035 -4.8030 -4.8026 -4.8021 -4.8016 -4.8011 -4.8007 -4.8002 -4.7997 -4.7992 -4.7988 -4.7983 -4.7978 -4.7973 -4.7969 -4.7964 -4.7959
-4.5108 -4.5104 -4.5100 -4.5096 -4.5091 -4.5087 -4.5083 -4.5078 -4.5074 -4.5070 -4.5065 -4.5061 -4.5057 -4.5053 -4.5048 -4.5044 -4.5040 -4.5035 -4.5031 -4.5027 -4.5023 -4.5018 -4.5014 -4.5010 -4.5005 -4.5001 -4.4997 -4.4992 -4.4988 -4.4984 -4.4980 -4.4975 -4.4971 -4.4967 -4.4962 -4.4958 -4.4954 -4.4949 -4.4945 -4.4941 -4.4937 -4.4932 -4.4928 -4.4924 -4.4919 -4.4915 -4.4911 -4.4907 -4.4902 -4.4898
-4.2030 -4.2026 -4.2022 -4.2018 -4.2014 -4.2010 -4.2006 -4.2002 -4.1998 -4.1994 -4.1991 -4.1987 -4.1983 -4.1979 -4.1975 -4.1971 -4.1967 -4.1963 -4.1959 -4.1955 -4.1951 -4.1947 -4.1943 -4.1939 -4.1935 -4.1931 -4.1927 -4.1923 -4.1920 -4.1916 -4.1912 -4.1908 -4.1904 -4.1900 -4.1896 -4.1892 -4.1888 -4.1884 -4.1880 -4.1876 -4.1872 -4.1868 -4.1864 -4.1860 -4.1856 -4.1853 -4.1849 -4.1845 -4.1841 -4.1837
-3.8949 -3.8946 -3.8942 -3.8939 -3.8935 -3.8931 -3.8928 -3.8924 -3.8921 -3.8917 -3.8914 -3.8910 -3.8907 -3.8903 -3.8900 -3.8896 -3.8892 -3.8889 -3.8885 -3.8882 -3.8878 -3.8875 -3.8871 -3.8868 -3.8864 -3.8861 -3.8857 -3.8853 -3.8850 -3.8846 -3.8843 -3.8839 -3.8836 -3.8832 -3.8829 -3.8825 -3.8822 -3.8818 -3.8815 -3.8811 -3.8807 -3.8804 -3.8800 -3.8797 -3.8793 -3.8790 -3.8786 -3.8783 -3.8779 -3.8776
-3.5447 -3.5453 -3.5458 -3.5464 -3.5469 -3.5475 -3.5480 -3.5485 -3.5491 -3.5496 -3.5502 -3.5507 -3.5513 -3.5518 -3.5524 -3.5529 -3.5534 -3.5540 -3.5545 -3.5551 -3.5556 -3.5562 -3.5567 -3.5573 -3.5578 -3.5584 -3.5589 -3.5594 -3.5600 -3.5605 -3.5611 -3.5616 -3.5622 -3.5627 -3.5633 -3.5638 -3.5643 -3.5649 -3.5654 -3.5660 -3.5665 -3.5671 -3.5676 -3.5682 -3.5687 -3.5692 -3.5698 -3.5703 -3.5709 -3.5714
-3.2792 -3.2789 -3.2787 -3.2784 -3.2781 -3.2778 -3.2775 -3.2772 -3.2770 -3.2767 -3.2764 -3.2761 -3.2758 -3.2755 -3.2753 -3.2750 -3.2747 -3.2744 -3.2741 -3.2738 -3.2735 -3.2733 -3.2730 -3.2727 -3.2724 -3.2721 -3.2718 -3.2716 -3.2713 -3.2710 -3.2707 -3.2704 -3.2701 -3.2699 -3.2696 -3.2693 -3.2690 -3.2687 -3.2684 -3.2681 -3.2679 -3.2676 -3.2673 -3.2670 -3.2667 -3.2664 -3.2662 -3.2659 -3.2656 -3.2653
-2.9718 -2.9716 -2.9713 -2.9711 -2.9708 -2.9705 -2.9703 -2.9700 -2.9698 -2.9695 -2.9693 -2.9690 -2.9687 -2.9685 -2.9682 -2.9680 -2.9677 -2.9674 -2.9672 -2.9669 -2.9667 -2.9664 -2.9662 -2.9659 -2.9656 -2.9654 -2.9651 -2.9649 -2.9646 -2.9643 -2.9641 -2.9638 -2.9636 -2.9633 -2.9631 -2.9628 -2.9625 -2.9623 -2.9620 -2.9618 -2.9615 -2.9612 -2.9610 -2.9607 -2.9605 -2.9602 -2.9600 -2.9597 -2.9594 -2.9592
-2.6457 -2.6458 -2.6460 -2.6461 -2.6463 -2.6464 -2.6466 -2.6467 -2.6469 -2.6470 -2.6472 -2.6473 -2.6475 -2.6476 -2.6478 -2.6479 -2.6481 -2.6482 -2.6484 -2.6485 -2.6487 -2.6488 -2.6490 -2.6491 -2.6493 -2.6494 -2.6496 -2.6497 -2.6499 -2.6500 -2.6502 -2.6504 -2.6505 -2.6507 -2.6508 -2.6510 -2.6511 -2.6513 -2.6514 -2.6516 -2.6517 -2.6519 -2.6520 -2.6522 -2.6523 -2.6525 -2.6526 -2.6528 -2.6529 -2.6531
-2.3523 -2.3521 -2.3520 -2.3519 -2.3518 -2.3517 -2.3516 -2.3515 -2.3514 -2.3513 -2.3512 -2.3511 -2.3510 -2.3508 -2.3507 -2.3506 -2.3505 -2.3504 -2.3503 -2.3502 -2.3501 -2.3500 -2.3499 -2.3498 -2.3497 -2.3495 -2.3494 -2.3493 -2.3492 -2.3491 -2.3490 -2.3489 -2.3488 -2.3487 -2.3486 -2.3485 -2.3483 -2.3482 -2.3481 -2.3480 -2.3479 -2.3478 -2.3477 -2.3476 -2.3475 -2.3474 -2.3473 -2.3472 -2.3470 -2.3469
-2.0428 -2.0428 -2.0427 -2.0427 -2.0426 -2.0426 -2.0426 -2.0425 -2.0425 -2.0424 -2.0424 -2.0424 -2.0423 -2.0423 -2.0422 -2.0422 -2.0422 -2.0421 -2.0421 -2.0420 -2.0420 -2.0420 -2.0419 -2.0419 -2.0418 -2.0418 -2.0418 -2.0417 -2.0417 -2.0416 -2.0416 -2.0415 -2.0415 -2.0415 -2.0414 -2.0414 -2.0413 -2.0413 -2.0413 -2.0412 -2.0412 -2.0411 -2.0411 -2.0411 -2.0410 -2.0410 -2.0409 -2.0409 -2.0409 -2.0408
-1.7352 -1.7352 -1.7352 -1.7352 -1.7352 -1.7351 -1.7351 -1.7351 -1.7351 -1.7351 -1.7351 -1.7351 -1.7351 -1.7351 -1.7350 -1.7350 -1.7350 -1.7350 -1.7350 -1.7350 -1.7350 -1.7350 -1.7350 -1.7350 -1.7349 -1.7349 -1.7349 -1.7349 -1.7349 -1.7349 -1.7349 -1.7349 -1.7349 -1.7349 -1.7348 -1.7348 -1.7348 -1.7348 -1.7348 -1.7348 -1.7348 -1.7348 -1.7348 -1.7348 -1.7347 -1.7347 -1.7347 -1.7347 -1.7347 -1.7347
-1.4067 -1.4072 -1.4076 -1.4081 -1.4085 -1.4090 -1.4094 -1.4099 -1.4103 -1.4108 -1.4112 -1.4116 -1.4121 -1.4125 -1.4130 -1.4134 -1.4139 -1.4143 -1.4148 -1.4152 -1.4157 -1.4161 -1.4165 -1.4170 -1.4174 -1.4179 -1.4183 -1.4188 -1.4192 -1.4197 -1.4201 -1.4206 -1.4210 -1.4214 -1.4219 -1.4223 -1.4228 -1.4232 -1.4237 -1.4241 -1.4246 -1.4250 -1.4255 -1.4259 -1.4263 -1.4268 -1.4272 -1.4277 -1.4281 -1.4286
-1.1016 -1.1021 -1.1025 -1.1029 -1.1033 -1.1038 -1.1042 -1.1046 -1.1050 -1.1055 -1.1059 -1.1063 -1.1067 -1.1072 -1.1076 -1.1080 -1.1084 -1.1089 -1.1093 -1.1097 -1.1101 -1.1106 -1.1110 -1.1114 -1.1118 -1.1123 -1.1127 -1.1131 -1.1135 -1.1140 -1.1144 -1.1148 -1.1152 -1.1157 -1.1161 -1.1165 -1.1169 -1.1174 -1.1178 -1.1182 -1.1186 -1.1191 -1.1195 -1.1199 -1.1203 -1.1208 -1.1212 -1.1216 -1.1220 -1.1224
-0.8133 -0.8133 -0.8134 -0.8134 -0.8135 -0.8136 -0.8136 -0.8137 -0.8138 -0.8138 -0.8139 -0.8139 -0.8140 -0.8141 -0.8141 -0.8142 -0.8143 -0.8143 -0.8144 -0.8144 -0.8145 -0.8146 -0.8146 -0.8147 -0.8148 -0.8148 -0.8149 -0.8149 -0.8150 -0.8151 -0.8151 -0.8152 -0.8153 -0.8153 -0.8154 -0.8154 -0.8155 -0.8156 -0.8156 -0.8157 -0.8158 -0.8158 -0.8159 -0.8160 -0.8160 -0.8161 -0.8161 -0.8162 -0.8163 -0.8163
-0.5091 -0.5091 -0.5091 -0.5091 -0.5092 -0.5092 -0.5092 -0.5092 -0.5093 -0.5093 -0.5093 -0.5093 -0.5093 -0.5094 -0.5094 -0.5094 -0.5094 -0.5095 -0.5095 -0.5095 -0.5095 -0.5096 -0.5096 -0.5096 -0.5096 -0.5096 -0.5097 -0.5097 -0.5097 -0.5097 -0.5098 -0.5098 -0.5098 -0.5098 -0.5099 -0.5099 -0.5099 -0.5099 -0.5099 -0.5100 -0.5100 -0.5100 -0.5100 -0.5101 -0.5101 -0.5101 -0.5101 -0.5102 -0.5102 -0.5102
-0.2120 -0.2118 -0.2117 -0.2115 -0.2113 -0.2112 -0.2110 -0.2109 -0.2107 -0.2105 -0.2104 -0.2102 -0.2100 -0.2099 -0.2097 -0.2096 -0.2094 -0.2092 -0.2091 -0.2089 -0.2088 -0.2086 -0.2084 -0.2083 -0.2081 -0.2080 -0.2078 -0.2076 -0.2075 -0.2073 -0.2071 -0.2070 -0.2068 -0.2067 -0.2065 -0.2063 -0.2062 -0.2060 -0.2059 -0.2057 -0.2055 -0.2054 -0.2052 -0.2050 -0.2049 -0.2047 -0.2046 -0.2044 -0.2042 -0.2041
0.0821 0.0825 0.0829 0.0833 0.0838 0.0842 0.0846 0.0850 0.0854 0.0858 0.0862 0.0866 0.0870 0.0874 0.0878 0.0882 0.0886 0.0890 0.0894 0.0899 0.0903 0.0907 0.0911 0.0915 0.0919 0.0923 0.0927 0.0931 0.0935 0.0939 0.0943 0.0947 0.0951 0.0955 0.0959 0.0964 0.0968 0.0972 0.0976 0.0980 0.0984 0.0988 0.0992 0.0996 0.1000 0.1004 0.1008 0.1012 0.1016 0.1020
0.3698 0.3706 0.3714 0.3722 0.3730 0.3737 0.3745 0.3753 0.3761 0.3769 0.3777 0.3784 0.3792 0.3800 0.3808 0.3816 0.3824 0.3831 0.3839 0.3847 0.3855 0.3863 0.3870 0.3878 0.3886 0.3894 0.3902 0.3910 0.3917 0.3925 0.3933 0.3941 0.3949 0.3956 0.3964 0.3972 0.3980 0.3988 0.3996 0.4003 0.4011 0.4019 0.4027 0.4035 0.4043 0.4050 0.4058 0.4066 0.4074 0.4082
0.7830 0.7816 0.7802 0.7788 0.7774 0.7760 0.7746 0.7732 0.7718 0.7704 0.7690 0.7675 0.7661 0.7647 0.7633 0.7619 0.7605 0.7591 0.7577 0.7563 0.7549 0.7535 0.7521 0.7507 0.7493 0.7479 0.7465 0.7451 0.7437 0.7423 0.7409 0.7395 0.7381 0.7367 0.7353 0.7339 0.7325 0.7311 0.7297 0.7283 0.7269 0.7255 0.7241 0.7227 0.7213 0.7199 0.7185 0.7171 0.7157 0.7143
1.0956 1.0941 1.0925 1.0910 1.0895 1.0879 1.0864 1.0849 1.0833 1.0818 1.0803 1.0787 1.0772 1.0757 1.0741 1.0726 1.0711 1.0695 1.0680 1.0665 1.0649 1.0634 1.0619 1.0603 1.0588 1.0572 1.0557 1.0542 1.0526 1.0511 1.0496 1.0480 1.0465 1.0450 1.0434 1.0419 1.0404 1.0388 1.0373 1.0358 1.0342 1.0327 1.0312 1.0296 1.0281 1.0265 1.0250 1.0235 1.0219 1.0204
1.4030 1.4014 1.3999 1.3983 1.3968 1.3952 1.3936 1.3921 1.3905 1.3890 1.3874 1.3858 1.3843 1.3827 1.3812 1.3796 1.3780 1.3765 1.3749 1.3734 1.3718 1.3702 1.3687 1.3671 1.3655 1.3640 1.3624 1.3609 1.3593 1.3577 1.3562 1.3546 1.3531 1.3515 1.3499 1.3484 1.3468 1.3453 1.3437 1.3421 1.3406 1.3390 1.3375 1.3359 1.3343 1.3328 1.3312 1.3297 1.3281 1.3265
1.7076 1.7061 1.7046 1.7031 1.7015 1.7000 1.6985 1.6969 1.6954 1.6939 1.6923 1.6908 1.6893 1.6878 1.6862 1.6847 1.6832 1.6816 1.6801 1.6786 1.6770 1.6755 1.6740 1.6724 1.6709 1.6694 1.6679 1.6663 1.6648 1.6633 1.6617 1.6602 1.6587 1.6571 1.6556 1.6541 1.6526 1.6510 1.6495 1.6480 1.6464 1.6449 1.6434 1.6418 1.6403 1.6388 1.6372 1.6357 1.6342 1.6327
1.9281 1.9283 1.9285 1.9287 1.9289 1.9292 1.9294 1.9296 1.9298 1.9300 1.9302 1.9305 1.9307 1.9309 1.9311 1.9313 1.9316 1.9318 1.9320 1.9322 1.9324 1.9327 1.9329 1.9331 1.9333 1.9335 1.9337 1.9340 1.9342 1.9344 1.9346 1.9348 1.9351 1.9353 1.9355 1.9357 1.9359 1.9362 1.9364 1.9366 1.9368 1.9370 1.9372 1.9375 1.9377 1.9379 1.9381 1.9383 1.9386 1.9388
2.2451 2.2451 2.2451 2.2451 2.2451 2.2450 2.2450 2.2450 2.2450 2.2450 2.2450 2.2450 2.2450 2.2450 2.2450 2.2450 2.2450 2.2450 2.2450 2.2450 2.2450 2.2450 2.2450 2.2450 2.2450 2.2450 2.2450 2.2450 2.2450 2.2450 2.2450 2.2450 2.2450 2.2450 2.2449 2.2449 2.2449 2.2449 2.2449 2.2449 2.2449 2.2449 2.2449 2.2449 2.2449 2.2449 2.2449 2.2449 2.2449 2.2449
2.5536 2.5535 2.5535 2.5534 2.5534 2.5533 2.5533 2.5532 2.5532 2.5531 2.5531 2.5530 2.5530 2.5529 2.5529 2.5528 2.5528 2.5527 2.5527 2.5526 2.5525 2.5525 2.5524 2.5524 2.5523 2.5523 2.5522 2.5522 2.5521 2.5521 2.5520 2.5520 2.5519 2.5519 2.5518 2.5518 2.5517 2.5517 2.5516 2.5515 2.5515 2.5514 2.5514 2.5513 2.5513 2.5512 2.5512 2.5511 2.5511 2.5510
2.8267 2.8273 2.8279 2.8285 2.8291 2.8298 2.8304 2.8310 2.8316 2.8323 2.8329 2.8335 2.8341 2.8347 2.8354 2.8360 2.8366 2.8372 2.8379 2.8385 2.8391 2.8397 2.8403 2.8410 2.8416 2.8422 2.8428 2.8435 2.8441 2.8447 2.8453 2.8459 2.8466 2.8472 2.8478 2.8484 2.8491 2.8497 2.8503 2.8509 2.8515 2.8522 2.8528 2.8534 2.8540 2.8547 2.8553 2.8559 2.8565 2.8571
3.1354 3.1360 3.1366 3.1371 3.1377 3.1383 3.1388 3.1394 3.1400 3.1405 3.1411 3.1417 3.1422 3.1428 3.1434 3.1439 3.1445 3.1451 3.1456 3.1462 3.1468 3.1474 3.1479 3.1485 3.1491 3.1496 3.1502 3.1508 3.1513 3.1519 3.1525 3.1530 3.1536 3.1542 3.1547 3.1553 3.1559 3.1564 3.1570 3.1576 3.1581 3.1587 3.1593 3.1599 3.1604 3.1610 3.1616 3.1621 3.1627 3.1633
3.4435 3.4440 3.4445 3.4451 3.4456 3.4461 3.4467 3.4472 3.4477 3.4482 3.4488 3.4493 3.4498 3.4504 3.4509 3.4514 3.4519 3.4525 3.4530 3.4535 3.4541 3.4546 3.4551 3.4556 3.4562 3.4567 3.4572 3.4578 3.4583 3.4588 3.4593 3.4599 3.4604 3.4609 3.4615 3.4620 3.4625 3.4630 3.4636 3.4641 3.4646 3.4652 3.4657 3.4662 3.4667 3.4673 3.4678 3.4683 3.4689 3.4694
3.7513 3.7518 3.7523 3.7528 3.7533 3.7538 3.7543 3.7548 3.7553 3.7558 3.7563 3.7568 3.7573 3.7577 3.7582 3.7587 3.7592 3.7597 3.7602 3.7607 3.7612 3.7617 3.7622 3.7627 3.7632 3.7637 3.7642 3.7647 3.7651 3.7656 3.7661 3.7666 3.7671 3.7676 3.7681 3.7686 3.7691 3.7696 3.7701 3.7706 3.7711 3.7716 3.7721 3.7725 3.7730 3.7735 3.7740 3.7745 3.7750 3.7755
4.0592 4.0596 4.0601 4.0606 4.0610 4.0615 4.0619 4.0624 4.0628 4.0633 4.0638 4.0642 4.0647 4.0651 4.0656 4.0661 4.0665 4.0670 4.0674 4.0679 4.0683 4.0688 4.0693 4.0697 4.0702 4.0706 4.0711 4.0716 4.0720 4.0725 4.0729 4.0734 4.0738 4.0743 4.0748 4.0752 4.0757 4.0761 4.0766 4.0771 4.0775 4.0780 4.0784 4.0789 4.0793 4.0798 4.0803 4.0807 4.0812 4.0816
4.3682 4.3686 4.3690 4.3694 4.3698 4.3702 4.3706 4.3710 4.3714 4.3718 4.3722 4.3726 4.3730 4.3734 4.3738 4.3742 4.3746 4.3750 4.3754 4.3758 4.3762 4.3766 4.3770 4.3774 4.3778 4.3782 4.3786 4.3790 4.3794 4.3798 4.3802 4.3806 4.3810 4.3814 4.3818 4.3822 4.3826 4.3830 4.3834 4.3838 4.3842 4.3846 4.3850 4.3854 4.3858 4.3862 4.3866 4.3870 4.3874 4.3878
4.6980 4.6979 4.6978 4.6977 4.6977 4.6976 4.6975 4.6974 4.6973 4.6972 4.6972 4.6971 4.6970 4.6969 4.6968 4.6967 4.6966 4.6966 4.6965 4.6964 4.6963 4.6962 4.6961 4.6961 4.6960 4.6959 4.6958 4.6957 4.6956 4.6956 4.6955 4.6954 4.6953 4.6952 4.6951 4.6951 4.6950 4.6949 4.6948 4.6947 4.6946 4.6945 4.6945 4.6944 4.6943 4.6942 4.6941 4.6940 4.6940 4.6939
4.9999 4.9999 4.9999 4.9999 4.9999 4.9999 4.9999 4.9999 4.9999 4.9999 4.9999 4.9999 4.9999 4.9999 4.9999 4.9999 4.9999 4.9999 4.9999 4.9999 4.9999 4.9999 4.9999 4.9999 4.9999 4.9999 4.9999 4.9999 5.0000 5.0000 5.0000 5.0000 5.0000 5.0000 5.0000 5.0000 5.0000 5.0000 5.0000 5.0000 5.0000 5.0000 5.0000 5.0000 5.0000 5.0000 5.0000 5.0000 5.0000 5.0000
