0.0000 0.0612 0.1225 0.1837 0.2449 0.3061 0.3673 0.4286 0.4898 0.5510 0.6122 0.6735 0.7347 0.7959 0.8571 0.9184 0.9796 1.0408 1.1020 1.1633 1.2245 1.2857 1.3469 1.4082 1.4694 1.5306 1.5918 1.6531 1.7143 1.7755 1.8367 1.8980 1.9592 2.0204 2.0816 2.1429 2.2041 2.2653 2.3265 2.3878 2.4490 2.5102 2.5714 2.6327 2.6939 2.7551 2.8163 2.8776 2.9388 3.0000
0.0000 0.0612 0.1225 0.1837 0.2449 0.3061 0.3674 0.4286 0.4898 0.5510 0.6123 0.6735 0.7347 0.7959 0.8571 0.9184 0.9796 1.0408 1.1020 1.1633 1.2245 1.2857 1.3469 1.4082 1.4694 1.5306 1.5918 1.6531 1.7143 1.7755 1.8367 1.8980 1.9592 2.0204 2.0816 2.1429 2.2041 2.2653 2.3265 2.3878 2.4490 2.5102 2.5714 2.6327 2.6939 2.7551 2.8163 2.8776 2.9388 3.0000
0.0000 0.0612 0.1225 0.1837 0.2449 0.3061 0.3674 0.4286 0.4898 0.5510 0.6123 0.6735 0.7347 0.7959 0.8572 0.9184 0.9796 1.0408 1.1021 1.1633 1.2245 1.2857 1.3469 1.4082 1.4694 1.5306 1.5918 1.6531 1.7143 1.7755 1.8367 1.8980 1.9592 2.0204 2.0816 2.1429 2.2041 2.2653 2.3265 2.3878 2.4490 2.5102 2.5714 2.6327 2.6939 2.7551 2.8163 2.8776 2.9388 3.0000
0.0000 0.0613 0.1225 0.1837 0.2449 0.3062 0.3674 0.4286 0.4898 0.5511 0.6123 0.6735 0.7347 0.7960 0.8572 0.9184 0.9796 1.0408 1.1021 1.1633 1.2245 1.2857 1.3470 1.4082 1.4694 1.5306 1.5919 1.6531 1.7143 1.7755 1.8368 1.8980 1.9592 2.0204 2.0816 2.1429 2.2041 2.2653 2.3265 2.3878 2.4490 2.5102 2.5714 2.6327 2.6939 2.7551 2.8163 2.8776 2.9388 3.0000
0.0001 0.0613 0.1226 0.1838 0.2450 0.3062 0.3675 0.4287 0.4899 0.5511 0.6123 0.6736 0.7348 0.7960 0.8572 0.9185 0.9797 1.0409 1.1021 1.1633 1.2246 1.2858 1.3470 1.4082 1.4695 1.5307 1.5919 1.6531 1.7143 1.7756 1.8368 1.8980 1.9592 2.0204 2.0817 2.1429 2.2041 2.2653 2.3266 2.3878 2.4490 2.5102 2.5714 2.6327 2.6939 2.7551 2.8163 2.8776 2.9388 3.0000
0.0003 0.0615 0.1227 0.1840 0.2452 0.3064 0.3676 0.4288 0.4901 0.5513 0.6125 0.6737 0.7349 0.7961 0.8574 0.9186 0.9798 1.0410 1.1022 1.1635 1.2247 1.2859 1.3471 1.4083 1.4695 1.5308 1.5920 1.6532 1.7144 1.7756 1.8369 1.8981 1.9593 2.0205 2.0817 2.1429 2.2042 2.2654 2.3266 2.3878 2.4490 2.5103 2.5715 2.6327 2.6939 2.7551 2.8163 2.8776 2.9388 3.0000
0.0008 0.0620 0.1232 0.1844 0.2456 0.3068 0.3680 0.4292 0.4905 0.5517 0.6129 0.6741 0.7353 0.7965 0.8577 0.9189 0.9801 1.0413 1.1025 1.1637 1.2250 1.2862 1.3474 1.4086 1.4698 1.5310 1.5922 1.6534 1.7146 1.7758 1.8370 1.8982 1.9595 2.0207 2.0819 2.1431 2.2043 2.2655 2.3267 2.3879 2.4491 2.5103 2.5715 2.6327 2.6940 2.7552 2.8164 2.8776 2.9388 3.0000
0.0020 0.0632 0.1244 0.1855 0.2467 0.3079 0.3691 0.4303 0.4915 0.5526 0.6138 0.6750 0.7362 0.7974 0.8586 0.9197 0.9809 1.0421 1.1033 1.1645 1.2257 1.2868 1.3480 1.4092 1.4704 1.5316 1.5928 1.6540 1.7151 1.7763 1.8375 1.8987 1.9599 2.0211 2.0822 2.1434 2.2046 2.2658 2.3270 2.3882 2.4493 2.5105 2.5717 2.6329 2.6941 2.7553 2.8164 2.8776 2.9388 3.0000
0.0050 0.0661 0.1272 0.1883 0.2495 0.3106 0.3717 0.4328 0.4940 0.5551 0.6162 0.6773 0.7384 0.7996 0.8607 0.9218 0.9829 1.0441 1.1052 1.1663 1.2274 1.2886 1.3497 1.4108 1.4719 1.5330 1.5942 1.6553 1.7164 1.7775 1.8387 1.8998 1.9609 2.0220 2.0832 2.1443 2.2054 2.2665 2.3276 2.3888 2.4499 2.5110 2.5721 2.6333 2.6944 2.7555 2.8166 2.8778 2.9389 3.0000
0.0124 0.0733 0.1343 0.1953 0.2562 0.3172 0.3782 0.4392 0.5001 0.5611 0.6221 0.6831 0.7440 0.8050 0.8660 0.9269 0.9879 1.0489 1.1099 1.1708 1.2318 1.2928 1.3537 1.4147 1.4757 1.5367 1.5976 1.6586 1.7196 1.7806 1.8415 1.9025 1.9635 2.0244 2.0854 2.1464 2.2074 2.2683 2.3293 2.3903 2.4512 2.5122 2.5732 2.6342 2.6951 2.7561 2.8171 2.8781 2.9390 3.0000
0.0300 0.0906 0.1512 0.2118 0.2724 0.3330 0.3936 0.4542 0.5149 0.5755 0.6361 0.6967 0.7573 0.8179 0.8785 0.9391 0.9998 1.0604 1.1210 1.1816 1.2422 1.3028 1.3634 1.4241 1.4847 1.5453 1.6059 1.6665 1.7271 1.7877 1.8483 1.9090 1.9696 2.0302 2.0908 2.1514 2.2120 2.2726 2.3333 2.3939 2.4545 2.5151 2.5757 2.6363 2.6969 2.7575 2.8182 2.8788 2.9394 3.0000
0.0686 0.1284 0.1882 0.2480 0.3079 0.3677 0.4275 0.4873 0.5472 0.6070 0.6668 0.7266 0.7865 0.8463 0.9061 0.9659 1.0258 1.0856 1.1454 1.2052 1.2651 1.3249 1.3847 1.4445 1.5044 1.5642 1.6240 1.6838 1.7437 1.8035 1.8633 1.9231 1.9830 2.0428 2.1026 2.1624 2.2223 2.2821 2.3419 2.4017 2.4616 2.5214 2.5812 2.6410 2.7009 2.7607 2.8205 2.8803 2.9402 3.0000
0.1400 0.1984 0.2568 0.3151 0.3735 0.4319 0.4902 0.5486 0.6070 0.6653 0.7237 0.7821 0.8404 0.8988 0.9572 1.0155 1.0739 1.1323 1.1906 1.2490 1.3074 1.3657 1.4241 1.4825 1.5408 1.5992 1.6576 1.7159 1.7743 1.8327 1.8910 1.9494 2.0078 2.0661 2.1245 2.1829 2.2412 2.2996 2.3580 2.4163 2.4747 2.5331 2.5914 2.6498 2.7082 2.7665 2.8249 2.8833 2.9416 3.0000
0.2428 0.2991 0.3554 0.4116 0.4679 0.5242 0.5804 0.6367 0.6930 0.7492 0.8055 0.8618 0.9180 0.9743 1.0306 1.0868 1.1431 1.1994 1.2557 1.3119 1.3682 1.4245 1.4807 1.5370 1.5933 1.6495 1.7058 1.7621 1.8183 1.8746 1.9309 1.9872 2.0434 2.0997 2.1560 2.2122 2.2685 2.3248 2.3810 2.4373 2.4936 2.5498 2.6061 2.6624 2.7187 2.7749 2.8312 2.8875 2.9437 3.0000
0.3522 0.4062 0.4602 0.5143 0.5683 0.6224 0.6764 0.7304 0.7845 0.8385 0.8925 0.9466 1.0006 1.0547 1.1087 1.1627 1.2168 1.2708 1.3248 1.3789 1.4329 1.4870 1.5410 1.5950 1.6491 1.7031 1.7571 1.8112 1.8652 1.9193 1.9733 2.0273 2.0814 2.1354 2.1894 2.2435 2.2975 2.3516 2.4056 2.4596 2.5137 2.5677 2.6217 2.6758 2.7298 2.7839 2.8379 2.8919 2.9460 3.0000
0.4230 0.4756 0.5282 0.5807 0.6333 0.6859 0.7385 0.7911 0.8437 0.8963 0.9489 1.0015 1.0541 1.1067 1.1593 1.2119 1.2644 1.3170 1.3696 1.4222 1.4748 1.5274 1.5800 1.6326 1.6852 1.7378 1.7904 1.8430 1.8956 1.9481 2.0007 2.0533 2.1059 2.1585 2.2111 2.2637 2.3163 2.3689 2.4215 2.4741 2.5267 2.5793 2.6319 2.6844 2.7370 2.7896 2.8422 2.8948 2.9474 3.0000
0.4660 0.5177 0.5694 0.6212 0.6729 0.7246 0.7763 0.8280 0.8797 0.9314 0.9832 1.0349 1.0866 1.1383 1.1900 1.2417 1.2934 1.3452 1.3969 1.4486 1.5003 1.5520 1.6037 1.6554 1.7072 1.7589 1.8106 1.8623 1.9140 1.9657 2.0174 2.0691 2.1209 2.1726 2.2243 2.2760 2.3277 2.3794 2.4311 2.4829 2.5346 2.5863 2.6380 2.6897 2.7414 2.7931 2.8449 2.8966 2.9483 3.0000
0.4859 0.5372 0.5886 0.6399 0.6912 0.7425 0.7938 0.8451 0.8964 0.9477 0.9990 1.0503 1.1016 1.1529 1.2042 1.2555 1.3069 1.3582 1.4095 1.4608 1.5121 1.5634 1.6147 1.6660 1.7173 1.7686 1.8199 1.8712 1.9225 1.9739 2.0252 2.0765 2.1278 2.1791 2.2304 2.2817 2.3330 2.3843 2.4356 2.4869 2.5382 2.5895 2.6408 2.6922 2.7435 2.7948 2.8461 2.8974 2.9487 3.0000
0.4943 0.5455 0.5966 0.6477 0.6989 0.7500 0.8011 0.8523 0.9034 0.9546 1.0057 1.0568 1.1080 1.1591 1.2102 1.2614 1.3125 1.3636 1.4148 1.4659 1.5171 1.5682 1.6193 1.6705 1.7216 1.7727 1.8239 1.8750 1.9261 1.9773 2.0284 2.0795 2.1307 2.1818 2.2330 2.2841 2.3352 2.3864 2.4375 2.4886 2.5398 2.5909 2.6420 2.6932 2.7443 2.7955 2.8466 2.8977 2.9489 3.0000
0.4977 0.5488 0.5999 0.6509 0.7020 0.7531 0.8041 0.8552 0.9063 0.9573 1.0084 1.0595 1.1105 1.1616 1.2127 1.2637 1.3148 1.3659 1.4169 1.4680 1.5191 1.5701 1.6212 1.6723 1.7233 1.7744 1.8255 1.8765 1.9276 1.9787 2.0297 2.0808 2.1319 2.1829 2.2340 2.2851 2.3361 2.3872 2.4383 2.4893 2.5404 2.5915 2.6425 2.6936 2.7447 2.7957 2.8468 2.8979 2.9489 3.0000
0.4991 0.5501 0.6012 0.6522 0.7033 0.7543 0.8053 0.8564 0.9074 0.9584 1.0095 1.0605 1.1116 1.1626 1.2136 1.2647 1.3157 1.3668 1.4178 1.4688 1.5199 1.5709 1.6220 1.6730 1.7240 1.7751 1.8261 1.8771 1.9282 1.9792 2.0303 2.0813 2.1323 2.1834 2.2344 2.2855 2.3365 2.3875 2.4386 2.4896 2.5407 2.5917 2.6427 2.6938 2.7448 2.7958 2.8469 2.8979 2.9490 3.0000
0.4997 0.5507 0.6017 0.6528 0.7038 0.7548 0.8058 0.8569 0.9079 0.9589 1.0100 1.0610 1.1120 1.1630 1.2141 1.2651 1.3161 1.3671 1.4182 1.4692 1.5202 1.5712 1.6223 1.6733 1.7243 1.7754 1.8264 1.8774 1.9284 1.9795 2.0305 2.0815 2.1325 2.1836 2.2346 2.2856 2.3367 2.3877 2.4387 2.4897 2.5408 2.5918 2.6428 2.6938 2.7449 2.7959 2.8469 2.8979 2.9490 3.0000
0.4999 0.5509 0.6019 0.6529 0.7040 0.7550 0.8060 0.8570 0.9080 0.9591 1.0101 1.0611 1.1121 1.1632 1.2142 1.2652 1.3162 1.3673 1.4183 1.4693 1.5203 1.5713 1.6224 1.6734 1.7244 1.7754 1.8265 1.8775 1.9285 1.9795 2.0306 2.0816 2.1326 2.1836 2.2347 2.2857 2.3367 2.3877 2.4387 2.4898 2.5408 2.5918 2.6428 2.6939 2.7449 2.7959 2.8469 2.8980 2.9490 3.0000
0.4999 0.5510 0.6020 0.6530 0.7040 0.7550 0.8061 0.8571 0.9081 0.9591 1.0102 1.0612 1.1122 1.1632 1.2142 1.2653 1.3163 1.3673 1.4183 1.4693 1.5204 1.5714 1.6224 1.6734 1.7245 1.7755 1.8265 1.8775 1.9285 1.9796 2.0306 2.0816 2.1326 2.1837 2.2347 2.2857 2.3367 2.3877 2.4388 2.4898 2.5408 2.5918 2.6428 2.6939 2.7449 2.7959 2.8469 2.8980 2.9490 3.0000
0.4998 0.5508 0.6019 0.6529 0.7039 0.7549 0.8060 0.8570 0.9080 0.9590 1.0101 1.0611 1.1121 1.1631 1.2142 1.2652 1.3162 1.3672 1.4183 1.4693 1.5203 1.5713 1.6224 1.6734 1.7244 1.7754 1.8264 1.8775 1.9285 1.9795 2.0305 2.0816 2.1326 2.1836 2.2346 2.2857 2.3367 2.3877 2.4387 2.4898 2.5408 2.5918 2.6428 2.6939 2.7449 2.7959 2.8469 2.8980 2.9490 3.0000
0.4996 0.5506 0.6016 0.6527 0.7037 0.7547 0.8057 0.8568 0.9078 0.9588 1.0099 1.0609 1.1119 1.1629 1.2140 1.2650 1.3160 1.3671 1.4181 1.4691 1.5202 1.5712 1.6222 1.6732 1.7243 1.7753 1.8263 1.8774 1.9284 1.9794 2.0304 2.0815 2.1325 2.1835 2.2346 2.2856 2.3366 2.3876 2.4387 2.4897 2.5407 2.5918 2.6428 2.6938 2.7449 2.7959 2.8469 2.8979 2.9490 3.0000
0.4989 0.5500 0.6010 0.6520 0.7031 0.7541 0.8052 0.8562 0.9073 0.9583 1.0093 1.0604 1.1114 1.1625 1.2135 1.2646 1.3156 1.3666 1.4177 1.4687 1.5198 1.5708 1.6218 1.6729 1.7239 1.7750 1.8260 1.8771 1.9281 1.9791 2.0302 2.0812 2.1323 2.1833 2.2344 2.2854 2.3364 2.3875 2.4385 2.4896 2.5406 2.5917 2.6427 2.6937 2.7448 2.7958 2.8469 2.8979 2.9490 3.0000
0.4973 0.5483 0.5994 0.6505 0.7016 0.7527 0.8037 0.8548 0.9059 0.9570 1.0080 1.0591 1.1102 1.1613 1.2123 1.2634 1.3145 1.3656 1.4166 1.4677 1.5188 1.5699 1.6209 1.6720 1.7231 1.7742 1.8253 1.8763 1.9274 1.9785 2.0296 2.0806 2.1317 2.1828 2.2339 2.2849 2.3360 2.3871 2.4382 2.4892 2.5403 2.5914 2.6425 2.6935 2.7446 2.7957 2.8468 2.8978 2.9489 3.0000
0.4928 0.5439 0.5951 0.6463 0.6974 0.7486 0.7998 0.8509 0.9021 0.9533 1.0044 1.0556 1.1068 1.1579 1.2091 1.2603 1.3114 1.3626 1.4138 1.4650 1.5161 1.5673 1.6185 1.6696 1.7208 1.7720 1.8231 1.8743 1.9255 1.9766 2.0278 2.0790 2.1301 2.1813 2.2325 2.2836 2.3348 2.3860 2.4371 2.4883 2.5395 2.5907 2.6418 2.6930 2.7442 2.7953 2.8465 2.8977 2.9488 3.0000
0.4823 0.5337 0.5851 0.6364 0.6878 0.7392 0.7906 0.8420 0.8934 0.9447 0.9961 1.0475 1.0989 1.1503 1.2016 1.2530 1.3044 1.3558 1.4072 1.4586 1.5099 1.5613 1.6127 1.6641 1.7155 1.7668 1.8182 1.8696 1.9210 1.9724 2.0237 2.0751 2.1265 2.1779 2.2293 2.2807 2.3320 2.3834 2.4348 2.4862 2.5376 2.5889 2.6403 2.6917 2.7431 2.7945 2.8459 2.8972 2.9486 3.0000
0.4599 0.5117 0.5636 0.6154 0.6673 0.7191 0.7709 0.8228 0.8746 0.9265 0.9783 1.0301 1.0820 1.1338 1.1856 1.2375 1.2893 1.3412 1.3930 1.4448 1.4967 1.5485 1.6004 1.6522 1.7040 1.7559 1.8077 1.8595 1.9114 1.9632 2.0151 2.0669 2.1187 2.1706 2.2224 2.2743 2.3261 2.3779 2.4298 2.4816 2.5335 2.5853 2.6371 2.6890 2.7408 2.7926 2.8445 2.8963 2.9482 3.0000
0.4108 0.4636 0.5165 0.5693 0.6222 0.6750 0.7278 0.7807 0.8335 0.8864 0.9392 0.9920 1.0449 1.0977 1.1506 1.2034 1.2563 1.3091 1.3619 1.4148 1.4676 1.5205 1.5733 1.6261 1.6790 1.7318 1.7847 1.8375 1.8903 1.9432 1.9960 2.0489 2.1017 2.1545 2.2074 2.2602 2.3131 2.3659 2.4188 2.4716 2.5244 2.5773 2.6301 2.6830 2.7358 2.7886 2.8415 2.8943 2.9472 3.0000
0.3269 0.3815 0.4360 0.4906 0.5451 0.5997 0.6542 0.7088 0.7633 0.8179 0.8724 0.9270 0.9816 1.0361 1.0907 1.1452 1.1998 1.2543 1.3089 1.3634 1.4180 1.4725 1.5271 1.5816 1.6362 1.6907 1.7453 1.7998 1.8544 1.9089 1.9635 2.0181 2.0726 2.1272 2.1817 2.2363 2.2908 2.3454 2.3999 2.4545 2.5090 2.5636 2.6181 2.6727 2.7272 2.7818 2.8363 2.8909 2.9454 3.0000
0.2194 0.2761 0.3329 0.3896 0.4463 0.5031 0.5598 0.6166 0.6733 0.7301 0.7868 0.8436 0.9003 0.9571 1.0138 1.0706 1.1273 1.1841 1.2408 1.2976 1.3543 1.4111 1.4678 1.5246 1.5813 1.6381 1.6948 1.7515 1.8083 1.8650 1.9218 1.9785 2.0353 2.0920 2.1488 2.2055 2.2623 2.3190 2.3758 2.4325 2.4893 2.5460 2.6028 2.6595 2.7163 2.7730 2.8298 2.8865 2.9433 3.0000
0.1240 0.1827 0.2414 0.3001 0.3588 0.4175 0.4761 0.5348 0.5935 0.6522 0.7109 0.7696 0.8283 0.8870 0.9457 1.0044 1.0631 1.1218 1.1805 1.2392 1.2979 1.3566 1.4153 1.4739 1.5326 1.5913 1.6500 1.7087 1.7674 1.8261 1.8848 1.9435 2.0022 2.0609 2.1196 2.1783 2.2370 2.2957 2.3544 2.4131 2.4718 2.5304 2.5891 2.6478 2.7065 2.7652 2.8239 2.8826 2.9413 3.0000
0.0436 0.1039 0.1642 0.2246 0.2849 0.3453 0.4056 0.4659 0.5263 0.5866 0.6469 0.7073 0.7676 0.8279 0.8883 0.9486 1.0089 1.0693 1.1296 1.1899 1.2503 1.3106 1.3710 1.4313 1.4916 1.5520 1.6123 1.6726 1.7330 1.7933 1.8536 1.9140 1.9743 2.0346 2.0950 2.1553 2.2156 2.2760 2.3363 2.3966 2.4570 2.5173 2.5777 2.6380 2.6983 2.7587 2.8190 2.8793 2.9397 3.0000
0.0180 0.0789 0.1397 0.2006 0.2614 0.3223 0.3832 0.4440 0.5049 0.5657 0.6266 0.6874 0.7483 0.8092 0.8700 0.9309 0.9917 1.0526 1.1134 1.1743 1.2352 1.2960 1.3569 1.4177 1.4786 1.5394 1.6003 1.6611 1.7220 1.7829 1.8437 1.9046 1.9654 2.0263 2.0871 2.1480 2.2089 2.2697 2.3306 2.3914 2.4523 2.5131 2.5740 2.6349 2.6957 2.7566 2.8174 2.8783 2.9391 3.0000
0.0073 0.0684 0.1295 0.1905 0.2516 0.3127 0.3738 0.4348 0.4959 0.5570 0.6181 0.6791 0.7402 0.8013 0.8624 0.9234 0.9845 1.0456 1.1067 1.1677 1.2288 1.2899 1.3510 1.4120 1.4731 1.5342 1.5953 1.6563 1.7174 1.7785 1.8396 1.9006 1.9617 2.0228 2.0839 2.1449 2.2060 2.2671 2.3282 2.3892 2.4503 2.5114 2.5725 2.6335 2.6946 2.7557 2.8168 2.8778 2.9389 3.0000
0.0030 0.0641 0.1253 0.1865 0.2476 0.3088 0.3699 0.4311 0.4923 0.5534 0.6146 0.6758 0.7369 0.7981 0.8593 0.9204 0.9816 1.0428 1.1039 1.1651 1.2262 1.2874 1.3486 1.4097 1.4709 1.5321 1.5932 1.6544 1.7156 1.7767 1.8379 1.8990 1.9602 2.0214 2.0825 2.1437 2.2049 2.2660 2.3272 2.3884 2.4495 2.5107 2.5719 2.6330 2.6942 2.7553 2.8165 2.8777 2.9388 3.0000
0.0015 0.0627 0.1239 0.1851 0.2463 0.3075 0.3687 0.4299 0.4911 0.5523 0.6135 0.6747 0.7359 0.7970 0.8582 0.9194 0.9806 1.0418 1.1030 1.1642 1.2254 1.2866 1.3478 1.4090 1.4702 1.5314 1.5926 1.6537 1.7149 1.7761 1.8373 1.8985 1.9597 2.0209 2.0821 2.1433 2.2045 2.2657 2.3269 2.3881 2.4493 2.5105 2.5716 2.6328 2.6940 2.7552 2.8164 2.8776 2.9388 3.0000
0.0006 0.0618 0.1230 0.1842 0.2454 0.3067 0.3679 0.4291 0.4903 0.5515 0.6127 0.6739 0.7351 0.7964 0.8576 0.9188 0.9800 1.0412 1.1024 1.1636 1.2248 1.2861 1.3473 1.4085 1.4697 1.5309 1.5921 1.6533 1.7145 1.7758 1.8370 1.8982 1.9594 2.0206 2.0818 2.1430 2.2042 2.2655 2.3267 2.3879 2.4491 2.5103 2.5715 2.6327 2.6939 2.7552 2.8164 2.8776 2.9388 3.0000
0.0002 0.0615 0.1227 0.1839 0.2451 0.3063 0.3676 0.4288 0.4900 0.5512 0.6124 0.6737 0.7349 0.7961 0.8573 0.9185 0.9798 1.0410 1.1022 1.1634 1.2246 1.2858 1.3471 1.4083 1.4695 1.5307 1.5919 1.6532 1.7144 1.7756 1.8368 1.8980 1.9593 2.0205 2.0817 2.1429 2.2041 2.2654 2.3266 2.3878 2.4490 2.5102 2.5715 2.6327 2.6939 2.7551 2.8163 2.8776 2.9388 3.0000
0.0001 0.0613 0.1225 0.1838 0.2450 0.3062 0.3674 0.4287 0.4899 0.5511 0.6123 0.6735 0.7348 0.7960 0.8572 0.9184 0.9797 1.0409 1.1021 1.1633 1.2246 1.2858 1.3470 1.4082 1.4694 1.5307 1.5919 1.6531 1.7143 1.7756 1.8368 1.8980 1.9592 2.0204 2.0817 2.1429 2.2041 2.2653 2.3266 2.3878 2.4490 2.5102 2.5714 2.6327 2.6939 2.7551 2.8163 2.8776 2.9388 3.0000
0.0000 0.0613 0.1225 0.1837 0.2449 0.3062 0.3674 0.4286 0.4898 0.5511 0.6123 0.6735 0.7347 0.7959 0.8572 0.9184 0.9796 1.0408 1.1021 1.1633 1.2245 1.2857 1.3470 1.4082 1.4694 1.5306 1.5919 1.6531 1.7143 1.7755 1.8368 1.8980 1.9592 2.0204 2.0816 2.1429 2.2041 2.2653 2.3265 2.3878 2.4490 2.5102 2.5714 2.6327 2.6939 2.7551 2.8163 2.8776 2.9388 3.0000
0.0000 0.0612 0.1225 0.1837 0.2449 0.3061 0.3674 0.4286 0.4898 0.5510 0.6123 0.6735 0.7347 0.7959 0.8572 0.9184 0.9796 1.0408 1.1021 1.1633 1.2245 1.2857 1.3469 1.4082 1.4694 1.5306 1.5918 1.6531 1.7143 1.7755 1.8367 1.8980 1.9592 2.0204 2.0816 2.1429 2.2041 2.2653 2.3265 2.3878 2.4490 2.5102 2.5714 2.6327 2.6939 2.7551 2.8163 2.8776 2.9388 3.0000
0.0000 0.0612 0.1225 0.1837 0.2449 0.3061 0.3674 0.4286 0.4898 0.5510 0.6123 0.6735 0.7347 0.7959 0.8571 0.9184 0.9796 1.0408 1.1020 1.1633 1.2245 1.2857 1.3469 1.4082 1.4694 1.5306 1.5918 1.6531 1.7143 1.7755 1.8367 1.8980 1.9592 2.0204 2.0816 2.1429 2.2041 2.2653 2.3265 2.3878 2.4490 2.5102 2.5714 2.6327 2.6939 2.7551 2.8163 2.8776 2.9388 3.0000
0.0000 0.0612 0.1225 0.1837 0.2449 0.3061 0.3673 0.4286 0.4898 0.5510 0.6122 0.6735 0.7347 0.7959 0.8571 0.9184 0.9796 1.0408 1.1020 1.1633 1.2245 1.2857 1.3469 1.4082 1.4694 1.5306 1.5918 1.6531 1.7143 1.7755 1.8367 1.8980 1.9592 2.0204 2.0816 2.1429 2.2041 2.2653 2.3265 2.3878 2.4490 2.5102 2.5714 2.6327 2.6939 2.7551 2.8163 2.8776 2.9388 3.0000
0.0000 0.0612 0.1224 0.1837 0.2449 0.3061 0.3673 0.4286 0.4898 0.5510 0.6122 0.6735 0.7347 0.7959 0.8571 0.9184 0.9796 1.0408 1.1020 1.1633 1.2245 1.2857 1.3469 1.4082 1.4694 1.5306 1.5918 1.6531 1.7143 1.7755 1.8367 1.8980 1.9592 2.0204 2.0816 2.1429 2.2041 2.2653 2.3265 2.3878 2.4490 2.5102 2.5714 2.6327 2.6939 2.7551 2.8163 2.8776 2.9388 3.0000
0.0000 0.0612 0.1224 0.1837 0.2449 0.3061 0.3673 0.4286 0.4898 0.5510 0.6122 0.6735 0.7347 0.7959 0.8571 0.9184 0.9796 1.0408 1.1020 1.1633 1.2245 1.2857 1.3469 1.4082 1.4694 1.5306 1.5918 1.6531 1.7143 1.7755 1.8367 1.8980 1.9592 2.0204 2.0816 2.1429 2.2041 2.2653 2.3265 2.3878 2.4490 2.5102 2.5714 2.6327 2.6939 2.7551 2.8163 2.8776 2.9388 3.0000
0.0000 0.0612 0.1224 0.1837 0.2449 0.3061 0.3673 0.4286 0.4898 0.5510 0.6122 0.6735 0.7347 0.7959 0.8571 0.9184 0.9796 1.0408 1.1020 1.1633 1.2245 1.2857 1.3469 1.4082 1.4694 1.5306 1.5918 1.6531 1.7143 1.7755 1.8367 1.8980 1.9592 2.0204 2.0816 2.1429 2.2041 2.2653 2.3265 2.3878 2.4490 2.5102 2.5714 2.6327 2.6939 2.7551 2.8163 2.8776 2.9388 3.0000
